    % TW = a; %
    % WR = b; %
    % ETW = c; %
    % rppl = d; % 
    % kve = e; %
    % set up      [ a, b, c, d, e]

    %% we can negate any of the T/W under 1 for T/W1 and say not enought booster

    RP1_all_1 = [ 1.41, 5.5803,  76.49, 1017.34, 0.000019974];
    RP1_all_2 = [  0.9, 6.4157, 110.33, 1017.34, 0.000028792];

    %not good enought TW
    H2_all_1 = [ .54,  3.2564,  57.40, 0348.77, 0.000162734];
    H2_all_2 = [ .073, 4.3466,  58.01, 0348.77, 0.000184802];

    CH4_all_1 = [ 1.52, 4.6537, 138.89, 821.19, 0.000011530];
    CH4_all_2 = [  0.9, 4.8401, 138.89, 821.19, 0.000011530];
   
    RP1_1_H2 = [ 1.41, 3.8857, 76.49,  1017.34, 0.000019974];
    RP1_2_H2  = [ 0.73, 5.2499, 58.01, 0348.77, 0.000184802];

    RP1_1_CH4 = [ 1.41, 4.7631,  76.49, 1017.34, 0.000019974];
    RP1_2_CH4 = [ 0.90, 6.0791, 137.89, 0821.19, 0.000011530];

    CH4_1_H2 = [ 1.52, 3.5046, 137.89, 0821.19, 0.000011530];
    CH4_2_H2 = [ 0.73, 4.4334, 058.01, 0348.77, 0.000184802];

    CH4_1_RP1 = [ 1.52, 5.3122, 137.89, 0821.19, 0.000011530];
    CH4_2_RP1 = [ 0.90, 4.9824, 110.33, 1017.34, 0.000028792];

    %not good enought TW
    H2_1_RP1 = [ 0.54, 4.6838, 057.40, 0348.77, 0.000162734];
    H2_2_RP1 = [ 0.90, 4.9654, 110.33, 1017.34, 0.000028792];

    H2_1_CH4 = [ 0.54, 4.1695, 057.40, 0348.77, 0.000162734];
    H2_2_CH4 = [ 0.73, 4.7956, 137.89, 0821.19, 0.000011530];


    %% Tau

    tau1 = 0.1; %range og 0.1 to 0.25 
    tau2 = 0.18; %range og 0.18 to 0.38    

    %% Kw equations 

    Kw_All_body = -533.451*tau^3 + 220.302*tau^2 - 22.167*tau + 3.425;
    Kw_blended_body = -62.217*tau^3 + 29.904*tau^2 - 1.581*tau + 2.469;
    Kw_wing_body = -93.831*tau^3 + 58.920*tau^2 - 5.648*tau + 2.821;
    Kw_cylinder = 3.404 - 1.427*tau + 4.930*tau^2;
    Kw_cylinder_blunted = 3.404 - 1.364*tau + 4.896*tau^2;
    
    % yusuf stuff
    Kw_yusuf_first_stage = 1465.2*tau^3 - 676.39*tau^2 + 89.6928*tau + 0.5808;
    Kw_yusuf_first_stage_v2 = 4281.8*tau^3 - 2485.1*tau^2 + 455.96*tau -23.605;
    Kw_yusuf_second_stage = -66.794*tau^3 - 75.623*tau^2 - 23.128*tau + 5.0861;
    Kw_yusuf_second_stage_v2 = -5799*tau^3 + 2873.9*tau^2 - 417*tau + 21.445;
    Kw_yusuf_second_stage_v3 = 9.665*tau^3 + 24.892*tau^2 - 11.765*tau + 4.2112;
